,0
32003,332455.30701329187
32011,251787.61786877044
32024,175045.40723034
32025,138262.67892180762
32033,240471.39994679482
32034,414587.3344587856
32038,113736.09995688315
32043,250098.30870702644
32046,112985.95188405261
32054,154251.72176091402
32055,121062.50782647548
32063,248238.69338426282
32065,216661.78076199896
32068,256917.7615852231
32073,216567.84571062896
32080,399803.83442263387
32081,508269.164253542
32082,598675.0663577637
32084,263973.2344097433
32086,252914.99590399401
32091,131476.36984872996
32092,327149.4321621195
32095,391758.97408045817
32097,277348.33771634474
32102,154659.09890413255
32110,180455.82882476517
32113,161296.36636894703
32114,134913.5811688262
32117,164246.95028923778
32118,210232.07979734062
32119,199728.6190327124
32124,265774.6364193389
32127,284603.01091760374
32128,347056.1346894929
32129,219764.43682491095
32131,155303.819026165
32132,189150.68897837747
32134,105895.28219986532
32136,405806.3742372586
32137,337778.6071859609
32139,125923.28772272806
32145,112325.13269795134
32148,69251.03331515632
32159,218633.21948295628
32162,290900.2826244135
32164,238756.76559012107
32168,276467.1061287025
32169,380055.84385529824
32174,299007.0165845322
32176,331472.81019751134
32177,124111.6734446301
32179,90714.8308532144
32189,123779.333257388
32193,189348.88171336736
32195,306149.038572764
32204,365712.03556360945
32205,256245.52495965097
32206,74389.03091282232
32207,202381.7415957395
32208,110066.42256648694
32209,64829.595548014455
32210,164880.01027145045
32211,168446.5925308244
32216,200620.9325684736
32217,229407.00674834038
32218,237740.4032542661
32219,145048.7877921452
32220,162547.0058781501
32221,226012.52435925408
32222,265827.2214806912
32223,269331.01101233513
32224,350443.70295571233
32225,286305.4270948893
32226,312359.35061621986
32233,303947.2922938709
32234,168656.75156802466
32244,168655.6671369586
32246,205743.8118713908
32254,86133.39435125582
32256,199839.75449153336
32257,275672.5240982865
32258,265790.0637214412
32259,378978.9138798417
32266,519515.7449500903
32277,206836.9143024098
32303,150601.27867919378
32304,95375.4172740422
32305,112189.15245641833
32308,237710.55922460795
32309,278021.69579659734
32310,95696.46456232973
32311,210473.56562220704
32312,313055.9844704358
32317,317710.4402524487
32320,158793.58289862424
32327,149657.60898130972
32328,462874.063395907
32333,196180.0437615294
32344,141915.56020555983
32346,218190.71727657734
32347,111519.69595743723
32348,97647.62721402709
32359,135379.2122283038
32401,146773.6679921752
32404,204484.31577793686
32405,200419.53713561816
32407,278198.7853837948
32408,299238.0491955521
32410,303537.41295806
32413,402096.061746091
32425,115162.57997798087
32428,281849.704541835
32433,121599.43550576054
32435,160500.64041953493
32438,109422.88167436089
32439,317237.0217265079
32444,215098.00846031043
32446,167593.08102750176
32448,107768.29010561305
32456,376752.8045492793
32459,758809.2323318928
32466,94611.18355040475
32501,226320.6320248021
32502,319218.0867702665
32503,198027.9943519801
32504,202088.93538622992
32505,62859.520497422294
32506,165525.46735656977
32507,246326.2058502811
32514,184281.82795930788
32526,197062.51212375038
32531,227903.6648227161
32533,208681.3229886706
32534,186446.3339648759
32536,296296.8041385404
32539,205420.1926980558
32541,478177.16197529895
32548,307699.2253509461
32550,425452.07613613695
32561,362259.63492648286
32563,341551.1810494672
32565,153764.51781442037
32566,305026.8693386181
32567,167309.10299221458
32569,251375.07147980056
32570,184787.36502725823
32571,235824.634580373
32578,350212.75615543977
32579,330298.51162189187
32580,233068.20107018767
32583,178259.58744955302
32601,398376.3955327774
32603,363372.473490856
32605,197208.08307866324
32606,251731.69330751657
32607,198634.3749454346
32608,178766.99102676625
32609,171627.54320055243
32615,213745.87466221637
32617,158633.47695326738
32621,94194.11598187541
32625,240332.96321786777
32626,118720.65741457202
32640,105524.15076997646
32641,105602.90186887246
32643,245276.4222397223
32653,261159.11246760318
32656,161179.41536671307
32666,126745.71325697139
32668,-302407.15329290903
32669,228916.84563505626
32686,168683.08676674642
32693,156184.43876403762
32696,132316.14832075688
32701,172140.28141141136
32703,262589.76888122555
32707,283248.0418701492
32708,335499.3798605974
32712,324963.78767810424
32713,248098.43251611403
32714,174520.39371634056
32720,202689.73404319145
32724,245284.1980649381
32725,214541.54143230483
32726,203590.68311440662
32730,239090.63477778976
32732,99373.5508655838
32735,242901.91480088333
32736,304092.1025022304
32738,232871.89864660506
32744,181817.64048530217
32746,324353.00729847926
32750,272842.1476793223
32751,308007.8254742929
32754,187681.59625499096
32757,253776.85222089116
32759,214886.71302099116
32763,202601.39365839143
32764,237642.25287120615
32765,335853.5361022012
32766,376596.70306754514
32771,289952.6016970945
32773,222927.2349361171
32776,345388.41075764125
32778,196992.60707326545
32779,379375.0379307306
32780,162784.0064115807
32784,190361.6114093155
32789,605463.1686123072
32792,267187.66592805367
32796,191978.3795771572
32798,128170.8259211131
32801,331159.80534311634
32803,331256.5697242839
32804,378439.38511659415
32805,119060.7489477159
32806,359171.56008394476
32807,197274.76215505844
32808,176119.96912736335
32809,210009.0663063349
32810,234635.7082940062
32811,139694.23001761673
32812,279072.0530532452
32814,558133.8693146503
32817,287911.09400251537
32818,224135.22419093142
32819,393443.6348376153
32820,315701.7564116231
32821,222151.09084501085
32822,159264.47659957348
32824,279253.31457381736
32825,288903.83726151224
32826,265813.91075129627
32827,477461.53013919294
32828,334316.4867126157
32829,257415.3944678619
32832,361492.3343198127
32833,300373.75839476363
32835,260529.54079385704
32836,599602.0268366723
32837,305704.3945415348
32839,126449.3298315275
32901,207208.6336648388
32903,357472.1240801285
32904,286536.42550949525
32905,139314.7652569457
32907,211399.35204066208
32908,169157.6071288183
32909,223252.01567690406
32920,223353.9392358251
32922,124453.49142343519
32926,153502.4246030732
32927,207785.08840816378
32931,310376.2734454392
32934,455711.4786768558
32935,194983.07832496433
32937,366287.26900255575
32940,318329.7174164572
32948,291093.3412890384
32950,173476.91113006705
32951,445673.3514798477
32952,279965.5534941326
32953,362044.9254571307
32955,319050.94917313074
32958,233809.39237163137
32960,182889.27307823606
32962,163632.25806446705
32963,646996.9099919094
32966,238078.356084435
32967,318363.1587740766
32968,362394.8128446719
32970,53916.81697949158
32976,123282.18065850344
33004,260763.20247293092
33009,252436.37735052026
33010,351886.10698860965
33012,193832.84815574647
33013,261398.24167949762
33014,227483.4629401249
33015,289437.58372195275
33016,192866.87850556543
33018,389740.8465446322
33019,502371.1562979482
33020,266298.16105147114
33021,335235.1816703265
33023,301870.38445207477
33024,313114.9048463344
33025,206952.08762486838
33026,306774.65746218426
33027,284182.002232118
33029,476530.198912201
33030,324527.98783122154
33031,594018.9723720987
33032,309694.6282305966
33033,258335.04662315198
33034,246647.68204928856
33035,179071.73578175518
33036,833462.9193574705
33037,809396.7360044045
33040,753511.6875550187
33042,742679.3826770309
33043,468582.4408691245
33050,469571.47626117687
33051,766449.7534514187
33054,152452.3726204811
33055,309023.38169395877
33056,286797.22037248424
33060,332518.93969984644
33062,392319.28675679525
33063,176266.9407220957
33064,257841.0316391177
33065,333328.2974349829
33066,155123.57150652417
33067,556519.4457631209
33068,214195.0958283489
33069,175029.99527185812
33070,572770.7974327742
33071,439709.4223075553
33073,400029.22106093203
33076,676137.3590693687
33125,385138.3572088134
33126,208292.82054094132
33127,364580.51979178615
33129,412504.2190515653
33130,319056.9575592981
33131,372233.14472537575
33132,376708.94609975966
33133,844672.3423704866
33134,689188.1963364386
33135,402073.7880752968
33136,386339.3297383567
33137,546951.3933031693
33139,412025.69020868745
33140,609196.1101571723
33141,467437.964812504
33142,227702.59268493415
33144,332209.883047465
33145,502606.8273562912
33146,968978.9427022506
33147,248192.1285339698
33149,1463482.6976860825
33150,313633.268339325
33154,886424.026740549
33157,410117.8269348086
33158,703806.2914836186
33160,563498.2256652183
33161,346794.7352907918
33162,339376.1485362794
33165,397727.5879651587
33166,433890.01591731014
33167,323673.466339276
33168,299717.25638365897
33169,327608.3840253588
33170,237255.40009749006
33172,191111.45900946623
33173,307400.3183380684
33174,295168.203199153
33175,359938.162011363
33176,321540.3022650317
33177,319072.579822825
33179,226977.83041716286
33180,332712.2796381092
33181,210802.96883543467
33182,332993.2042272223
33183,277095.4609169988
33184,403674.30634558655
33185,448512.743965971
33186,321624.38455476286
33187,251553.9006873598
33189,360106.558230994
33190,267675.28855134564
33193,263054.32925173955
33196,433078.8617873833
33301,772548.4554798224
33304,462345.8426482432
33305,611803.7070230216
33306,461512.22847570037
33308,446536.00772636686
33309,245277.37865286888
33311,213626.61316136215
33312,344842.8380483939
33313,107405.70713699923
33314,267889.37682362535
33315,368768.3461862769
33316,728861.7312893292
33317,335260.8122415984
33319,112400.56428227757
33321,209211.3431379154
33322,150602.81853434534
33323,381749.52511523146
33324,237756.22148124414
33325,397139.17419355793
33326,434754.5010597203
33327,620436.1937076359
33328,370658.99435501697
33330,698140.9012940638
33331,495381.6824697624
33332,604609.0803943803
33334,349494.4673492564
33351,266689.25245404127
33401,306995.668616398
33403,290874.13106795936
33404,316499.21624516096
33406,227239.6531572327
33407,178596.1360979923
33408,478143.38314152014
33409,174382.02503388576
33410,423939.18840224406
33411,295628.4679371193
33412,466282.90799628187
33413,296800.0218484799
33414,414175.27295487304
33415,185899.8210817896
33417,89192.81108232113
33418,525020.1318248986
33426,188480.38400558336
33428,316450.94299612724
33430,192148.46192054
33431,458983.6955634226
33432,663609.6243203079
33434,158937.6700733073
33435,180949.27301472556
33436,279794.4202491629
33437,280200.26943022036
33440,69155.80158351609
33441,335920.98312542867
33442,145539.04676005215
33444,370889.6538029245
33445,217245.13686063763
33446,301818.9527204096
33449,405993.4171583384
33455,349942.0177478693
33458,382990.86052959674
33460,210964.30064537236
33461,93023.80767669702
33462,250860.08515678206
33463,250763.88269953188
33467,348170.06849648163
33469,560792.4862698481
33470,408815.6613006312
33471,115687.08026760549
33472,364455.842699584
33473,682674.6510139327
33477,428828.2780389933
33478,629786.3051356917
33480,915449.0923168557
33483,663780.4127216812
33484,159859.75878475627
33486,469460.68922599417
33487,510860.63650958525
33496,487483.3722663229
33498,614967.0854808912
33510,227399.2209342095
33511,278923.88003263227
33513,115675.60432162287
33523,169113.72768585145
33525,279027.01295858534
33527,231113.48988062766
33534,246936.2290735029
33538,110112.30506892834
33540,157334.31364884187
33541,143954.80560095166
33542,141380.38424904586
33543,289347.94724028965
33544,352762.9765129844
33545,293996.5627718839
33547,401678.68027380883
33548,337958.6819329406
33549,270974.7417000188
33556,415427.2910892557
33558,356091.66479000606
33559,151177.9023676723
33563,198572.45216171865
33565,222134.34486289142
33566,224878.03256566485
33567,271865.83775689744
33569,284456.01485273585
33570,230656.53169036267
33572,378776.7916472388
33573,216150.31940949854
33576,254641.33848223853
33578,240728.31111415883
33579,306414.32848999376
33584,212211.99040716002
33592,124515.6040999261
33594,292223.1387580374
33596,314054.0559159026
33597,217340.71428251962
33598,266857.9537248219
33602,415879.49362055835
33603,297104.7176147445
33604,239776.81221204152
33605,169679.21357976703
33606,550108.971640271
33607,240286.22289845356
33609,350077.3847083015
33610,184929.86708597786
33611,279638.86989371036
33612,190468.19849148058
33613,201889.3027648259
33614,224009.04689365806
33615,242609.26801346135
33616,305469.3552193256
33617,170052.7577528442
33618,266865.34905216587
33619,193558.70361578558
33624,264771.1569846655
33625,274901.6803848809
33626,368579.1210653314
33629,598162.4894007762
33634,249534.7496042458
33635,213504.2592307584
33637,208079.0989730401
33647,295524.17795112653
33701,445056.21464801737
33702,251105.24307922676
33703,292900.4373666098
33704,529969.5739418196
33705,251436.00658300647
33706,446313.6972443691
33707,256448.09868976267
33708,429918.82665999903
33709,176513.40498415666
33710,292643.59567050665
33711,209299.71416108537
33712,159844.0868610744
33713,259199.65478179426
33714,166198.09206258607
33715,364611.2123527173
33716,157190.83229555655
33755,221404.7065550483
33756,263649.8136289453
33759,230141.36899534965
33760,191759.19082746803
33761,208341.4043768717
33762,236269.212682082
33763,157985.14661182163
33764,251494.34063369563
33765,231283.73146526093
33767,594154.0389096492
33770,275097.7323196162
33771,210742.1212231769
33772,253481.92407030473
33773,196554.9152356272
33774,231128.59608423768
33776,408575.4278579386
33777,204943.76233515955
33778,263192.35395715554
33781,182632.4730816709
33782,223606.46274029024
33785,574409.469039618
33786,620353.6024143083
33801,127027.35298503896
33803,237907.31647614035
33805,124397.708474798
33809,219709.11139410516
33810,225996.73485175785
33811,235371.1065604447
33812,256858.4822184324
33813,271066.25315901235
33815,134599.04299163737
33823,237898.44915198028
33825,129929.56082747312
33830,166342.22786422248
33834,258437.96554010807
33837,260063.61726927775
33838,170469.01252927195
33839,183325.1154384976
33841,124751.86245754629
33843,145843.0589063857
33844,173498.68996968915
33850,205278.46110569008
33853,141964.32364255076
33859,218855.15201117424
33860,188880.97146527786
33868,123100.51027862671
33870,123249.76429540414
33872,151106.74600521504
33873,105350.71894009387
33875,147796.91739382956
33876,150550.66601015948
33880,165933.70769393342
33881,144854.02633523836
33884,199283.52094660967
33890,133155.0405098884
33896,249170.42166444962
33897,189119.0867904335
33898,100325.73311501759
33901,282103.3959725592
33903,169127.3167684354
33904,291047.69575604226
33905,187535.52964105114
33907,155208.23855324797
33909,219419.96256662704
33913,319897.52021585626
33914,400401.8571742742
33916,198989.91782535272
33917,180092.8124653938
33919,196433.43934431323
33920,283435.85160708753
33922,244015.56598447234
33928,323781.0283132003
33931,511560.4052209506
33935,167620.15715200474
33936,153129.23089340914
33946,422330.390433969
33947,255957.23787983265
33948,226171.52893244213
33950,299215.00931276265
33952,187577.759243857
33953,235217.61737398573
33954,267197.6358319439
33955,321129.5647959115
33956,221487.55652029326
33957,751941.4675643733
33966,227581.1536692244
33967,263100.41449573095
33971,208506.86371884122
33972,237703.75871346623
33973,250614.4867418981
33974,208875.51630871792
33976,209026.63186517477
33980,170294.6207873308
33981,261453.60351635318
33982,254369.50765859467
33983,241816.23340215985
33990,280565.05295861774
33991,305417.71267904324
33993,286714.1075882599
34102,1257890.630558304
34103,1035466.7242839144
34104,233815.1670450542
34108,756533.2312457513
34109,412802.30596729775
34110,455922.0205328397
34112,229712.21009656042
34113,316079.8819184722
34114,299980.1238700738
34116,327238.22038629994
34117,401679.30530881585
34119,451213.100019258
34120,391353.68495468487
34134,617514.3670152676
34142,293158.0918418257
34201,481555.34176915884
34202,594355.2351303925
34203,332038.8971021407
34205,161817.84821125027
34207,127164.16021885551
34209,242231.79879672738
34210,184434.48754492396
34211,499080.388425569
34212,377678.29395140294
34216,1509889.3411079526
34217,740432.8232947506
34219,365272.79293852905
34221,280890.622873533
34222,260538.20783779936
34223,306096.32274653355
34224,222905.13665792806
34228,859503.377155055
34229,493576.033013585
34231,310926.7738991317
34232,269692.5035092464
34233,231436.04413490416
34234,202628.58373041573
34235,244259.74904693352
34236,859638.2107732256
34237,202387.4404576044
34238,351515.652534612
34239,403246.8129822556
34240,533954.7498668827
34241,414448.92917497095
34242,691412.2861618506
34243,316755.75739448896
34251,505851.6910230938
34266,117394.73854522067
34269,166338.29318124198
34275,376390.0608189801
34285,257992.52535199205
34286,271774.36264265864
34287,180445.2671642782
34288,258344.95613715856
34289,277548.4778583305
34291,306450.4551289774
34292,311860.6627123103
34293,289213.7811060433
34420,141784.7470910714
34428,176356.81680307054
34429,177441.00646249446
34432,235146.60298253666
34433,163395.96260779657
34434,165093.13148460852
34436,132669.4640623731
34442,207900.9768178949
34446,176448.381871936
34448,138732.0311121249
34449,150280.66675294648
34450,178926.247472435
34452,136080.85539646453
34453,78753.77037508856
34461,202390.64654045165
34465,147989.43405991534
34471,217813.13856664745
34472,119743.15619273094
34473,169600.49002956576
34474,221846.7288934382
34475,80612.94435871686
34476,204037.7571215198
34479,210043.51205788006
34480,248972.17891259742
34481,194029.92176488062
34482,159012.95656516767
34484,218788.9840155067
34488,64952.9137751177
34491,249146.33775228765
34601,143876.98209959228
34602,254610.11072466802
34604,153961.85527319013
34606,191205.94673778568
34607,365391.3888964706
34608,191491.69612194053
34609,231725.64699626752
34610,211307.96418279398
34613,174304.17310573367
34614,212422.838173529
34637,290769.6075923339
34638,337657.8764291837
34639,315339.18766980676
34652,154170.00524605988
34653,146825.8734403593
34654,208292.63166863253
34655,266551.5589143881
34667,209425.21673052965
34668,158715.07842897816
34669,218881.59885380315
34677,227166.04395265147
34683,350862.76315969694
34684,197832.53843136883
34685,349515.8954301143
34688,236206.6426711318
34689,263379.4529009688
34690,141872.13033802185
34691,148475.45213210714
34695,306011.3999862571
34698,276363.7022592114
34711,325160.2304372301
34714,269935.0983848416
34715,299068.0480801653
34731,205880.06059990602
34734,288557.9682012597
34736,275944.3961858961
34737,272790.49864486686
34741,188185.0992154366
34743,229885.5399059687
34744,274306.85279326286
34746,272725.2177068394
34747,299120.1863489847
34748,218334.90899166267
34753,217069.88204515714
34761,252871.5986896826
34950,123374.98835158892
34994,162946.47371834452
